- child_frame_id: wx200/base_link
  frame_id: camera_color_optical_frame
  qw: -0.14016748662278744
  qx: -0.6795335729262588
  qy: 0.6929954714512825
  qz: -0.19581745455382205
  x: -0.27769959105647424
  y: 0.16318838009348285
  z: 0.4609552020360241
